Bin-size	Zeitschritt_0	Zeitschritt_1	Zeitschritt_2	Zeitschritt_3	Zeitschritt_4	Zeitschritt_5	Zeitschritt_6	Zeitschritt_7	Zeitschritt_8	Zeitschritt_9	Zeitschritt_10	Zeitschritt_11	Zeitschritt_12	Zeitschritt_13	Zeitschritt_14	Zeitschritt_15	Zeitschritt_16	Zeitschritt_17	Zeitschritt_18	Zeitschritt_19	Zeitschritt_20	Zeitschritt_21	Zeitschritt_22	Zeitschritt_23	Zeitschritt_24	Zeitschritt_25	Zeitschritt_26	Zeitschritt_27	Zeitschritt_28	Zeitschritt_29	Zeitschritt_30	Zeitschritt_31	Zeitschritt_32	Zeitschritt_33	Zeitschritt_34	Zeitschritt_35	Zeitschritt_36	Zeitschritt_37	Zeitschritt_38	Zeitschritt_39	Zeitschritt_40	Zeitschritt_41	Zeitschritt_42	Zeitschritt_43	Zeitschritt_44	Zeitschritt_45	Zeitschritt_46	Zeitschritt_47	Zeitschritt_48	Zeitschritt_49	Zeitschritt_50	Zeitschritt_51	Zeitschritt_52	Zeitschritt_53	Zeitschritt_54	Zeitschritt_55	Zeitschritt_56	Zeitschritt_57	Zeitschritt_58	Zeitschritt_59	Zeitschritt_60	Zeitschritt_61	Zeitschritt_62	Zeitschritt_63	Zeitschritt_64	Zeitschritt_65	Zeitschritt_66	Zeitschritt_67	Zeitschritt_68	Zeitschritt_69	Zeitschritt_70	
1	0	0	0	0	0	0	0	0	0	0	0	0	0	0	0	0	0	0	0	0	0	0	0	0	0	0	0	0	0	0	0	0	0	0	0	0	0	0	0	0	0	0	0	0	0	0	0	0	0	0	0	0	0	0	0	0	0	0	0	0	0	0	0	0	0	0	0	0	0	0	0	
1.07227	0	0	0	0	0	0	0	0	0	0	0	0	0	0	0	0	0	0	0	0	0	0	0	0	0	0	0	0	0	0	0	0	0	0	0	0	0	0	0	0	0	0	0	0	0	0	0	0	0	0	0	0	0	0	0	0	0	0	0	0	0	0	0	0	0	0	0	0	0	0	0	
1.14976	0	0	0	0	0	0	0	0	0	0	0	0	0	0	0	0	0	0	0	0	0	0	0	0	0	0	0	0	0	0	0	0	0	0	0	0	0	0	0	0	0	0	0	0	0	0	0	0	0	0	0	0	0	0	0	0	0	0	0	0	0	0	0	0	0	0	0	0	0	0	0	
1.23285	0	0	0	0	0	0	0	0	0	0	0	0	0	0	0	0	0	0	0	0	0	0	0	0	0	0	0	0	0	0	0	0	0	0	0	0	0	0	0	0	0	0	0	0	0	0	0	0	0	0	0	0	0	0	0	0	0	0	0	0	0	0	0	0	0	0	0	0	0	0	0	
1.32194	0	0	0	0	0	0	0	0	0	0	0	0	0	0	0	0	0	0	0	0	0	0	0	0	0	0	0	0	0	0	0	0	0	0	0	0	0	0	0	0	0	0	0	0	0	0	0	0	0	0	0	0	0	0	0	0	0	0	0	0	0	0	0	0	0	0	0	0	0	0	0	
1.41747	0	0	0	0	0	0	0	0	0	0	0	0	0	0	0	0	0	0	0	0	0	0	0	0	0	0	0	0	0	0	0	0	0	0	0	0	0	0	0	0	0	0	0	0	0	0	0	0	0	0	0	0	0	0	0	0	0	0	0	0	0	0	0	0	0	0	0	0	0	0	0	
1.51991	0	0	0	0	0	0	0	0	0	0	0	0	0	0	0	0	0	0	0	0	0	0	0	0	0	0	0	0	0	0	0	0	0	0	0	0	0	0	0	0	0	0	0	0	0	0	0	0	0	0	0	0	0	0	0	0	0	0	0	0	0	0	0	0	0	0	0	0	0	0	0	
1.62975	0	0	0	0	0	0	0	0	0	0	0	0	0	0	0	0	0	0	0	0	0	0	0	0	0	0	0	0	0	0	0	0	0	0	0	0	0	0	0	0	0	0	0	0	0	0	0	0	0	0	0	0	0	0	0	0	0	0	0	0	0	0	0	0	0	0	0	0	0	0	0	
1.74753	0	0	0	0	0	0	0	0	0	0	0	0	0	0	0	0	0	0	0	0	0	0	0	0	0	0	0	0	0	0	0	0	0	0	0	0	0	0	0	0	0	0	0	0	0	0	0	0	0	0	0	0	0	0	0	0	0	0	0	0	0	0	0	0	0	0	0	0	0	0	0	
1.87382	0	0	0	0	0	0	0	0	0	0	0	0	0	0	0	0	0	0	0	0	0	0	0	0	0	0	0	0	0	0	0	0	0	0	0	0	0	0	0	0	0	0	0	0	0	0	0	0	0	0	0	0	0	0	0	0	0	0	0	0	0	0	0	0	0	0	0	0	0	0	0	
2.00923	0	0	0	0	0	0	0	0	0	0	0	0	0	0	0	0	0	0	0	0	0	0	0	0	0	0	0	0	0	0	0	0	0	0	0	0	0	0	0	0	0	0	0	0	0	0	0	0	0	0	0	0	0	0	0	0	0	0	0	0	0	0	0	0	0	0	0	0	0	0	0	
2.15443	0	0	0	0	0	0	0	0	0	0	0	0	0	0	0	0	0	0	0	0	0	0	0	0	0	0	0	0	0	0	0	0	0	0	0	0	0	0	0	0	0	0	0	0	0	0	0	0	0	0	0	0	0	0	0	0	0	0	0	0	0	0	0	0	0	0	0	0	0	0	0	
2.31013	0	0	0	0	0	0	0	0	0	0	0	0	0	0	0	0	0	0	0	0	0	0	0	0	0	0	0	0	0	0	0	0	0	0	0	0	0	0	0	0	0	0	0	0	0	0	0	0	0	0	0	0	0	0	0	0	0	0	0	0	0	0	0	0	0	0	0	0	0	0	0	
2.47708	0	0	0	0	0	0	0	0	0	0	0	0	0	0	0	0	0	0	0	0	0	0	0	0	0	0	0	0	0	0	0	0	0	0	0	0	0	0	0	0	0	0	0	0	0	0	0	0	0	0	0	0	0	0	0	0	0	0	0	0	0	0	0	0	0	0	0	0	0	0	0	
2.65609	0	0	0	0	0	0	0	0	0	0	0	0	0	0	0	0	0	0	0	0	0	0	0	0	0	0	0	0	0	0	0	0	0	0	0	0	0	0	0	0	0	0	0	0	0	0	0	0	0	0	0	0	0	0	0	0	0	0	0	0	0	0	0	0	0	0	0	0	0	0	0	
2.84804	0	0	0	0	0	0	0	0	0	0	0	0	0	0	0	0	0	0	0	0	0	0	0	0	0	0	0	0	0	0	0	0	0	0	0	0	0	0	0	0	0	0	0	0	0	0	0	0	0	0	0	0	0	0	0	0	0	0	0	0	0	0	0	0	0	0	0	0	0	0	0	
3.05386	0	0	0	0	0	0	0	0	0	0	0	0	0	0	0	0	0	0	0	0	0	0	0	0	0	0	0	0	0	0	0	0	0	0	0	0	0	0	0	0	0	0	0	0	0	0	0	0	0	0	0	0	0	0	0	0	0	0	0	0	0	0	0	0	0	0	0	0	0	0	0	
3.27455	0	0	0	0	0	0	0	0	0	0	0	0	0	0	0	0	0	0	0	0	0	0	0	0	0	0	0	0	0	0	0	0	0	0	0	0	0	0	0	0	0	0	0	0	0	0	0	0	0	0	0	0	0	0	0	0	0	0	0	0	0	0	0	0	0	0	0	0	0	0	0	
3.51119	0	0	0	0	0	0	0	0	0	0	0	0	0	0	0	0	0	0	0	0	0	0	0	0	0	0	0	0	0	0	0	0	0	0	0	0	0	0	0	0	0	0	0	0	0	0	0	0	0	0	0	0	0	0	0	0	0	0	0	0	0	0	0	0	0	0	0	0	0	0	0	
3.76494	0	0	0	0	0	0	0	0	0	0	0	0	0	0	0	0	0	0	0	0	0	0	0	0	0	0	0	0	0	0	0	0	0	0	0	0	0	0	0	0	0	0	0	0	0	0	0	0	0	0	0	0	0	0	0	0	0	0	0	0	0	0	0	0	0	0	0	0	0	0	0	
4.03702	0	0	0	0	0	0	0	0	0	0	0	0	0	0	0	0	0	0	0	0	0	0	0	0	0	0	0	0	0	0	0	0	0	0	0	0	0	0	0	0	0	0	0	0	0	0	0	0	0	0	0	0	0	0	0	0	0	0	0	0	0	0	0	0	0	0	0	0	0	0	0	
4.32876	0	0	0	0	0	0	0	0	0	0	0	0	0	0	0	0	0	0	0	0	0	0	0	0	0	0	0	0	0	0	0	0	0	0	0	0	0	0	0	0	0	0	0	0	0	0	0	0	0	0	0	0	0	0	0	0	0	0	0	0	0	0	0	0	0	0	0	0	0	0	0	
4.64159	0	0	0	0	0	0	0	0	0	0	0	0	0	0	0	0	0	0	0	0	0	0	0	0	0	0	0	0	0	0	0	0	0	0	0	0	0	0	0	0	0	0	0	0	0	0	0	0	0	0	0	0	0	0	0	0	0	0	0	0	0	0	0	0	0	0	0	0	0	0	0	
4.97702	0	0	0	0	0	0	0	0	0	0	0	0	0	0	0	0	0	0	0	0	0	0	0	0	0	0	0	0	0	0	0	0	0	0	0	0	0	0	0	0	0	0	0	0	0	0	0	0	0	0	0	0	0	0	0	0	0	0	0	0	0	0	0	0	0	0	0	0	0	0	0	
5.3367	0	0	0	0	0	0	0	0	0	0	0	0	0	0	0	0	0	0	0	0	0	0	0	0	0	0	0	0	0	0	0	0	0	0	0	0	0	0	0	0	0	0	0	0	0	0	0	0	0	0	0	0	0	0	0	0	0	0	0	0	0	0	0	0	0	0	0	0	0	0	0	
5.72237	0	0	0	0	0	0	0	0	0	0	0	0	0	0	0	0	0	0	0	0	0	0	0	0	0	0	0	0	0	0	0	0	0	0	0	0	0	0	0	0	0	0	0	0	0	0	0	0	0	0	0	0	0	0	0	0	0	0	0	0	0	0	0	0	0	0	0	0	0	0	0	
6.13591	0	0	0	0	0	0	0	0	0	0	0	0	0	0	0	0	0	0	0	0	0	0	0	0	0	0	0	0	0	0	0	0	0	0	0	0	0	0	0	0	0	0	0	0	0	0	0	0	0	0	0	0	0	0	0	0	0	0	0	0	0	0	0	0	0	0	0	0	0	0	0	
6.57933	0	0	0	0	0	0	0	0	0	0	0	0	0	0	0	0	0	0	0	0	0	0	0	0	0	0	0	0	0	0	0	0	0	0	0	0	0	0	0	0	0	0	0	0	0	0	0	0	0	0	0	0	0	0	0	0	0	0	0	0	0	0	0	0	0	0	0	0	0	0	0	
7.0548	0	0	0	0	0	0	0	0	0	0	0	0	0	0	0	0	0	0	0	0	0	0	0	0	0	0	0	0	0	0	0	0	0	0	0	0	0	0	0	0	0	0	0	0	0	0	0	0	0	0	0	0	0	0	0	0	0	0	0	0	0	0	0	0	0	0	0	0	0	0	0	
7.56463	0	0	0	0	0	0	0	0	0	0	0	0	0	0	0	0	0	0	0	0	0	0	0	0	0	0	0	0	0	0	0	0	0	0	0	0	0	0	0	0	0	0	0	0	0	0	0	0	0	0	0	0	0	0	0	0	0	0	0	0	0	0	0	0	0	0	0	0	0	0	0	
8.11131	0	0	0	0	0	0	0	0	0	0	0	0	0	0	0	0	0	0	0	0	0	0	0	0	0	0	0	0	0	0	0	0	0	0	0	0	0	0	0	0	0	0	0	0	0	0	0	0	0	0	0	0	0	0	0	0	0	0	0	0	0	0	0	0	0	0	0	0	0	1.04551e-303	3.63596e-296	
8.69749	0	0	0	0	0	0	0	0	0	0	0	0	0	0	0	0	0	0	0	0	0	0	0	0	0	0	0	0	0	0	0	0	0	0	0	0	0	0	0	0	0	0	0	0	0	0	0	0	0	0	0	0	0	0	0	0	0	0	0	0	0	0	2.78815e-301	5.21687e-293	4.46638e-285	1.82737e-277	3.7208e-270	3.91548e-263	2.20578e-256	6.8744e-250	1.22217e-243	
9.32603	0	0	0	0	0	0	0	0	0	0	0	0	0	0	0	0	0	0	0	0	0	0	0	0	0	0	0	0	0	0	0	0	0	0	0	0	0	0	0	0	0	0	0	0	0	0	0	0	0	0	0	0	0	0	0	0	6.05304e-296	5.62958e-287	2.06307e-278	3.15409e-270	2.12048e-262	6.58179e-255	9.86696e-248	7.44899e-241	2.9439e-234	6.31397e-228	7.59948e-222	5.2956e-216	2.1995e-210	5.59489e-205	8.93976e-200	
10	0	0	0	0	0	0	0	0	0	0	0	0	0	0	0	0	0	0	0	0	0	0	0	0	0	0	0	0	0	0	0	0	0	0	0	0	0	0	0	0	0	0	0	0	0	0	0	0	0	0	2.86913e-296	2.80985e-286	8.72288e-277	9.27954e-268	3.63281e-259	5.58694e-251	3.58392e-243	1.01328e-235	1.32838e-228	8.46177e-222	2.73467e-215	4.66666e-209	4.36346e-203	2.31352e-197	7.18063e-192	1.34384e-186	1.55878e-181	1.14979e-176	5.5237e-172	1.76735e-167	3.84553e-163	
10.7227	0	0	0	0	0	0	0	0	0	0	0	0	0	0	0	0	0	0	0	0	0	0	0	0	0	0	0	0	0	0	0	0	0	0	0	0	0	0	0	0	0	0	0	0	0	3.83365e-292	2.88703e-281	5.51276e-271	2.95527e-261	4.87791e-252	2.69595e-243	5.38517e-235	4.16828e-227	1.33242e-219	1.86457e-212	1.20502e-205	3.77768e-199	6.01049e-193	5.05994e-187	2.34224e-181	6.17739e-176	9.59293e-171	9.04291e-166	5.32303e-161	2.00869e-156	4.97948e-152	8.29567e-148	9.48693e-144	7.59628e-140	4.33815e-136	1.7978e-132	
11.4976	0	0	0	0	0	0	0	0	0	0	0	0	0	0	0	0	0	0	0	0	0	0	0	0	0	0	0	0	0	0	0	0	0	0	0	0	0	0	0	0	9.58984e-294	1.50028e-281	4.24887e-270	2.50703e-259	3.49588e-249	1.29024e-239	1.39592e-230	4.85516e-222	5.90209e-214	2.70535e-206	5.00996e-199	3.99172e-192	1.44928e-185	2.52716e-179	2.22086e-173	1.02805e-167	2.61074e-162	3.77589e-157	3.21934e-152	1.67049e-147	5.433e-143	1.13815e-138	1.5751e-134	1.47417e-130	9.53651e-127	4.35151e-123	1.42726e-119	3.42468e-116	6.11124e-113	8.23561e-110	8.50257e-107	
12.3285	0	0	0	0	0	0	0	0	0	0	0	0	0	0	0	0	0	0	0	0	0	0	0	0	0	0	0	0	0	0	0	0	0	0	0	1.84721e-302	2.30568e-288	3.64091e-275	7.50831e-263	2.43112e-251	1.45517e-240	1.86181e-230	5.79614e-221	4.93037e-212	1.27158e-203	1.09189e-195	3.39672e-188	4.13172e-181	2.10584e-174	4.78864e-168	5.144e-162	2.74982e-156	7.67138e-151	1.16653e-145	1.0062e-140	5.10647e-136	1.57692e-131	3.0563e-127	3.82535e-123	3.17451e-119	1.78974e-115	7.01135e-112	1.94888e-108	3.91886e-105	5.8043e-102	6.43915e-99	5.43465e-96	3.54074e-93	1.80504e-90	7.29215e-88	2.36235e-85	
13.2194	0	0	0	0	0	0	0	0	0	0	0	0	0	0	0	0	0	0	0	0	0	0	0	0	0	0	0	0	0	0	0	0	3.33634e-288	1.53103e-273	5.65534e-260	2.17096e-247	1.0823e-235	8.51792e-225	1.25662e-214	4.04415e-205	3.24765e-196	7.33375e-188	5.18066e-180	1.25935e-172	1.14749e-165	4.23239e-159	6.77276e-153	5.00606e-147	1.80892e-141	3.36433e-136	3.37503e-131	1.90587e-126	6.29902e-122	1.26269e-117	1.58616e-113	1.28661e-109	6.92735e-106	2.53935e-102	6.4875e-99	1.18036e-95	1.5603e-92	1.5265e-89	1.12441e-86	6.33588e-84	2.77186e-81	9.54546e-79	2.62092e-76	5.80679e-74	1.04977e-71	1.5648e-69	1.94208e-67	
14.1747	0	0	0	0	0	0	0	0	0	0	0	0	0	0	0	0	0	0	0	0	0	0	0	0	0	0	0	0	9.76543e-295	6.76313e-278	1.78087e-262	2.6043e-248	2.92156e-235	3.31695e-223	4.84032e-212	1.117e-201	4.88364e-192	4.73855e-183	1.17265e-174	8.36832e-167	1.92007e-159	1.56037e-152	4.89622e-146	6.4087e-140	3.75031e-134	1.04437e-128	1.46415e-123	1.08737e-118	4.48002e-114	1.06786e-109	1.5299e-105	1.36415e-101	7.81516e-98	2.96181e-94	7.62664e-91	1.36753e-87	1.74658e-84	1.62232e-81	1.11721e-78	5.80625e-76	2.3151e-73	7.19072e-71	1.76461e-68	3.46657e-66	5.5187e-64	7.20109e-62	7.78375e-60	7.03892e-58	5.37482e-56	3.49554e-54	1.95195e-52	
15.1991	0	0	0	0	0	0	0	0	0	0	0	0	0	0	0	0	0	0	0	0	0	0	0	0	0	1.49833e-290	3.09484e-272	1.26167e-255	1.68457e-240	1.12361e-226	5.33958e-214	2.44272e-202	1.39099e-191	1.22966e-181	2.04273e-172	7.52863e-164	7.11728e-156	1.96027e-148	1.75984e-141	5.68759e-135	7.2277e-129	3.90689e-123	9.63708e-118	1.15534e-112	7.12408e-108	2.37785e-103	4.49901e-99	5.03133e-95	3.4543e-91	1.50709e-87	4.31207e-84	8.32671e-81	1.11408e-77	1.05797e-74	7.29028e-72	3.72011e-69	1.4323e-66	4.23323e-64	9.75859e-62	1.78064e-59	2.60713e-57	3.10196e-55	3.03451e-53	2.46749e-51	1.68477e-49	9.75082e-48	4.82594e-46	2.05934e-44	7.63507e-43	2.47713e-41	7.08033e-40	
16.2975	0	0	0	0	0	0	0	0	0	0	0	0	0	0	0	0	0	0	0	0	0	0	1.08212e-292	4.91515e-272	1.54964e-253	6.96823e-237	8.03024e-222	3.84159e-208	1.13913e-195	2.93042e-184	8.69015e-174	3.78445e-164	2.97853e-155	5.06735e-147	2.17665e-139	2.70289e-132	1.09245e-125	1.59518e-119	9.22702e-114	2.29412e-108	2.63641e-103	1.49412e-98	4.42503e-94	7.21438e-90	6.78518e-86	3.84007e-82	1.35865e-78	3.11089e-75	4.75669e-72	4.99775e-69	3.70339e-66	1.98201e-63	7.82956e-61	2.32889e-58	5.31234e-56	9.45029e-54	1.33153e-51	1.50729e-49	1.38901e-47	1.05478e-45	6.67514e-44	3.55745e-42	1.61215e-40	6.26862e-39	2.10898e-37	6.18718e-36	1.59438e-34	3.63338e-33	7.36892e-32	1.33795e-30	2.18691e-29	
17.4753	0	0	0	0	0	0	0	0	0	0	0	0	0	0	0	0	0	0	0	0	1.30932e-278	4.14282e-257	4.56368e-238	4.28745e-221	7.01858e-206	3.56726e-192	9.03017e-180	1.6827e-168	3.1978e-158	8.15354e-149	3.51943e-140	3.13627e-132	6.84191e-125	4.2333e-118	8.44116e-112	6.06376e-106	1.7302e-100	2.13681e-95	1.23221e-90	3.54847e-86	5.41728e-82	4.62436e-78	2.31502e-74	7.09342e-71	1.38247e-67	1.77422e-64	1.54709e-61	9.42968e-59	4.12227e-56	1.32313e-53	3.18541e-51	5.86523e-49	8.40819e-47	9.53915e-45	8.69391e-43	6.45362e-41	3.95169e-39	2.01946e-37	8.70662e-36	3.19864e-34	1.01064e-32	2.76994e-31	6.63807e-30	1.40127e-28	2.62364e-27	4.385e-26	6.58138e-25	8.92011e-24	1.09748e-22	1.23172e-21	1.2668e-20	
18.7382	0	0	0	0	0	0	0	0	0	0	0	0	0	0	0	0	0	4.70389e-295	1.61626e-268	1.3384e-245	1.29839e-225	4.90691e-208	1.83077e-192	1.40143e-178	3.94657e-166	6.55611e-155	9.45333e-145	1.62795e-135	4.36906e-127	2.28553e-119	2.81656e-112	9.61013e-106	1.04277e-99	4.0552e-94	6.2692e-89	4.21722e-84	1.336e-79	2.13675e-75	1.83458e-71	8.92861e-68	2.58526e-64	4.64992e-61	5.39983e-58	4.19146e-55	2.24363e-52	8.51848e-50	2.35319e-47	4.8402e-45	7.56986e-43	9.1754e-41	8.77084e-39	6.71817e-37	4.18395e-35	2.14712e-33	9.19169e-32	3.31982e-30	1.0222e-28	2.7092e-27	6.23568e-26	1.25672e-24	2.23468e-23	3.53088e-22	4.98996e-21	6.34612e-20	7.30447e-19	7.64963e-18	7.32508e-17	6.44336e-16	5.22898e-15	3.93082e-14	2.74763e-13	
20.0923	0	0	0	0	0	0	0	0	0	0	0	0	0	0	0	6.0094e-293	4.29437e-263	5.63923e-238	1.58667e-216	5.49642e-198	8.48053e-182	1.53725e-167	6.90962e-155	1.38297e-143	1.9641e-133	2.88215e-124	5.9392e-116	2.21402e-108	1.84398e-101	4.09777e-95	2.82429e-89	6.86515e-84	6.57257e-79	2.72671e-74	5.32624e-70	5.26728e-66	2.81054e-62	8.55866e-59	1.56317e-55	1.78958e-52	1.3357e-49	6.73195e-47	2.36446e-44	5.9537e-42	1.10254e-39	1.53665e-37	1.64592e-35	1.38082e-33	9.23105e-32	4.99559e-30	2.22014e-28	8.20995e-27	2.5568e-25	6.78027e-24	1.5467e-22	3.06362e-21	5.31472e-20	8.13959e-19	1.10866e-17	1.35216e-16	1.48607e-15	1.48039e-14	1.34402e-13	1.11772e-12	8.55482e-12	6.05268e-11	3.97494e-10	2.43235e-09	1.39186e-08	7.47306e-08	3.77662e-07	
21.5443	0	0	0	0	0	0	0	0	0	0	0	0	0	6.4301e-299	1.06932e-263	3.43987e-235	1.64999e-211	1.85477e-191	3.12011e-174	2.91256e-159	3.95351e-146	1.61955e-134	3.52889e-124	6.40321e-115	1.38694e-106	4.80713e-99	3.39323e-92	5.96066e-86	3.08275e-80	5.4109e-75	3.63796e-70	1.03938e-65	1.38006e-61	9.20355e-58	3.2987e-54	6.74236e-51	8.27966e-48	6.39658e-45	3.23852e-42	1.11423e-39	2.69094e-37	4.69592e-35	6.07746e-33	5.97133e-31	4.54921e-29	2.73907e-27	1.32612e-25	5.24435e-24	1.71843e-22	4.72668e-21	1.10441e-19	2.21601e-18	3.85666e-17	5.87517e-16	7.90043e-15	9.45068e-14	1.01288e-12	9.79025e-12	8.58657e-11	6.87202e-10	5.04497e-09	3.41389e-08	2.13903e-07	1.24618e-06	6.77706e-06	3.45286e-05	0.000165375	0.000746961	0.00319118	0.0129312	0.0498302	
23.1013	0	0	0	0	0	0	0	0	0	0	0	0	1.22897e-271	7.70659e-239	1.11987e-211	4.59374e-189	5.17841e-170	9.39725e-154	1.02041e-139	1.76229e-127	1.01445e-116	3.44392e-107	1.07919e-98	4.46185e-91	3.24898e-84	5.27733e-78	2.32465e-72	3.26862e-67	1.68266e-62	3.56238e-58	3.4252e-54	1.62867e-50	4.12224e-47	5.92006e-44	5.10039e-41	2.76797e-38	9.87746e-36	2.40723e-33	4.14355e-31	5.19016e-29	4.85865e-27	3.48118e-25	1.95029e-23	8.70936e-22	3.15439e-20	9.41219e-19	2.3468e-17	4.95298e-16	8.95262e-15	1.40076e-13	1.91578e-12	2.31083e-11	2.47845e-10	2.38146e-09	2.0642e-08	1.6243e-07	1.16716e-06	7.7001e-06	4.68746e-05	0.000264525	0.0013898	0.0068254	0.0314488	0.136422	0.558935	2.16942	7.99922	28.0938	94.2106	302.351	930.639	
24.7708	0	0	0	0	0	0	0	0	0	0	1.84677e-300	6.90233e-254	2.77018e-219	5.89051e-192	1.01917e-169	2.87524e-151	1.01742e-135	1.933e-122	5.69827e-111	5.74643e-101	3.61511e-92	2.25857e-84	2.02015e-77	3.46393e-71	1.44185e-65	1.76727e-60	7.48182e-56	1.24973e-51	9.21076e-48	3.29288e-44	6.19043e-41	6.55852e-38	4.15699e-35	1.66014e-32	4.37036e-30	7.88995e-28	1.0114e-25	9.4929e-24	6.70387e-22	3.64936e-20	1.56479e-18	5.38811e-17	1.516e-15	3.54019e-14	6.95889e-13	1.16621e-11	1.68562e-10	2.12346e-09	2.35389e-08	2.31619e-07	2.03924e-06	1.61824e-05	0.000116521	0.000765996	0.00462345	0.0257568	0.133074	0.640486	2.88355	12.1901	48.5609	182.895	653.249	2219.02	7187.92	22257.9	66041.2	188163	515857	1.36341e+06	3.48015e+06	
26.5609	0	0	0	0	0	0	0	0	0	0	1.42031e-243	3.96573e-204	3.2175e-175	9.23031e-153	1.13164e-134	9.81582e-120	3.64779e-107	1.9832e-96	3.78121e-87	4.80876e-79	6.62495e-72	1.4364e-65	6.56794e-60	7.99459e-55	3.12581e-50	4.57653e-46	2.8477e-42	8.36877e-39	1.26935e-35	1.07134e-32	5.36551e-30	1.68508e-27	3.48102e-25	4.93074e-23	4.966e-21	3.67142e-19	2.04926e-17	8.85312e-16	3.02639e-14	8.3489e-13	1.89169e-11	3.57634e-10	5.72205e-09	7.84765e-08	9.3329e-07	9.72578e-06	8.96573e-05	0.000737479	0.0054555	0.0365562	0.223349	1.25176	6.47105	31.0138	138.451	578.194	2267.89	8385.85	29331.3	97353.9	307533	927120	2.67419e+06	7.39762e+06	1.96696e+07	5.03737e+07	1.24496e+08	2.97462e+08	6.88291e+08	1.54477e+09	3.36787e+09	
28.4804	0	0	0	0	0	0	0	0	0	1.68206e-235	8.83442e-191	3.01292e-160	1.14931e-137	4.81468e-120	8.86572e-106	6.30037e-94	6.85016e-84	2.87945e-75	9.01043e-68	3.3976e-61	2.22387e-55	3.35427e-50	1.45868e-45	2.18967e-41	1.31366e-37	3.55342e-34	4.79074e-31	3.50163e-28	1.4898e-25	3.91992e-23	6.71847e-21	7.84451e-19	6.48694e-17	3.93012e-15	1.79702e-13	6.36524e-12	1.78731e-10	4.0605e-09	7.60047e-08	1.19129e-06	1.58639e-05	0.00018183	0.00181494	0.0159437	0.124448	0.870596	5.50153	31.6296	166.524	807.646	3628.19	15172.4	59334.6	217912	754507	2.47179e+06	7.68713e+06	2.27642e+07	6.43737e+07	1.74291e+08	4.52914e+08	1.13218e+09	2.7283e+09	6.35043e+09	1.43036e+10	3.12294e+10	6.61996e+10	1.36449e+11	2.73855e+11	5.35889e+11	1.0237e+12	
30.5386	0	0	0	0	0	0	0	0	1.64361e-209	1.35252e-169	6.53675e-144	5.06206e-124	1.30292e-107	5.10205e-94	1.06084e-82	3.65399e-73	5.04594e-65	5.38566e-58	7.24296e-52	1.77673e-46	1.05745e-41	1.9103e-37	1.25236e-33	3.44243e-30	4.46506e-27	3.01328e-24	1.1479e-21	2.6437e-19	3.90134e-17	3.87671e-15	2.7069e-13	1.37793e-11	5.27962e-10	1.5657e-08	3.68254e-07	7.01859e-06	0.000110473	0.00146037	0.0164576	0.160235	1.36401	10.2612	68.8774	416.131	2280.69	11420.3	52585.8	223973	887124	3.28371e+06	1.141e+07	3.73702e+07	1.15806e+08	3.40724e+08	9.5485e+08	2.55627e+09	6.55545e+09	1.61442e+10	3.82703e+10	8.75148e+10	1.93441e+11	4.1407e+11	8.59833e+11	1.7349e+12	3.40652e+12	6.51834e+12	1.2171e+13	2.22033e+13	3.96196e+13	6.92273e+13	1.18566e+14	
32.7455	0	0	0	0	0	0	0	0	2.75731e-174	1.92587e-138	3.81909e-115	7.86918e-98	3.7295e-84	5.03831e-73	8.6847e-64	5.2976e-56	2.36591e-49	1.315e-43	1.35057e-38	3.46105e-34	2.79213e-30	8.51332e-27	1.13522e-23	7.44961e-21	2.64963e-18	5.53208e-16	7.24675e-14	6.29874e-12	3.80898e-10	1.66866e-08	5.48273e-07	1.3922e-05	0.000280387	0.00458143	0.0619499	0.705422	6.86929	57.9902	429.583	2822.87	16614.8	88356.6	427879	1.90025e+06	7.7891e+06	2.96391e+07	1.05253e+08	3.50489e+08	1.09924e+09	3.26003e+09	9.17606e+09	2.45956e+10	6.29746e+10	1.5446e+11	3.63872e+11	8.25306e+11	1.80628e+12	3.82262e+12	7.83744e+12	1.55955e+13	3.01688e+13	5.68222e+13	1.04352e+14	1.87107e+14	3.27965e+14	5.62627e+14	9.45676e+14	1.55897e+15	2.52303e+15	4.01223e+15	6.27473e+15	
35.1119	0	0	0	0	0	0	0	0	6.80606e-140	5.46213e-110	2.99448e-90	8.7775e-76	1.52806e-64	1.73759e-55	5.25112e-48	1.03773e-41	2.47771e-36	1.10642e-31	1.27416e-27	4.82172e-24	7.22631e-21	4.96499e-18	1.75715e-15	3.51906e-13	4.30669e-11	3.43179e-09	1.87736e-07	7.37164e-06	0.00021576	0.00486149	0.0866957	1.25331	14.9967	151.252	1306.5	9802.24	64676.6	379465	1.99926e+06	9.54248e+06	4.15882e+07	1.66676e+08	6.18223e+08	2.13449e+09	6.89594e+09	2.09462e+10	6.00766e+10	1.63345e+11	4.22545e+11	1.04336e+12	2.46664e+12	5.59874e+12	1.2232e+13	2.57839e+13	5.25518e+13	1.03773e+14	1.98905e+14	3.70698e+14	6.72819e+14	1.19103e+15	2.0592e+15	3.48158e+15	5.76341e+15	9.35172e+15	1.4889e+16	2.32823e+16	3.57904e+16	5.4133e+16	8.06229e+16	1.18327e+17	1.71255e+17	
37.6494	0	0	0	0	0	0	0	0	5.34546e-106	1.42228e-83	2.70553e-68	5.43439e-57	3.6143e-48	5.03419e-41	4.34922e-35	4.63822e-30	9.70317e-26	5.52528e-22	1.08973e-18	8.93698e-16	3.51257e-13	7.40326e-11	9.15805e-09	7.15627e-07	3.75273e-05	0.00138873	0.0378269	0.785889	12.8369	169.188	1839.95	16834.3	131788	895914	5.35823e+06	2.85186e+07	1.36461e+08	5.92379e+08	2.35184e+09	8.60161e+09	2.91701e+10	9.22624e+10	2.73612e+11	7.64442e+11	2.02087e+12	5.07488e+12	1.21498e+13	2.78222e+13	6.11214e+13	1.29171e+14	2.63272e+14	5.18696e+14	9.89957e+14	1.83387e+15	3.30335e+15	5.79568e+15	9.91951e+15	1.65858e+16	2.71282e+16	4.34592e+16	6.82686e+16	1.0527e+17	1.59501e+17	2.37686e+17	3.48663e+17	5.03875e+17	7.17932e+17	1.00925e+18	1.40075e+18	1.92061e+18	2.60311e+18	
40.3702	0	0	0	0	0	0	0	5.99413e-93	5.60257e-73	4.01061e-60	3.63191e-50	5.98962e-42	3.8426e-35	1.79052e-29	1.07078e-24	1.27913e-20	4.23993e-17	4.98134e-14	2.49671e-11	6.15898e-09	8.3657e-07	6.84231e-05	0.00362249	0.1317	3.45264	67.9805	1040.29	12736.7	127892	1.07581e+06	7.72154e+06	4.80473e+07	2.62826e+08	1.27937e+09	5.60166e+09	2.22714e+10	8.10863e+10	2.72377e+11	8.49813e+11	2.47748e+12	6.78532e+12	1.75433e+13	4.30062e+13	1.00358e+14	2.23738e+14	4.78086e+14	9.82077e+14	1.94463e+15	3.72095e+15	6.89581e+15	1.24032e+16	2.16937e+16	3.69612e+16	6.14433e+16	9.9809e+16	1.58647e+17	2.47068e+17	3.77431e+17	5.66202e+17	8.34954e+17	1.2115e+18	1.73114e+18	2.43811e+18	3.387e+18	4.64441e+18	6.29056e+18	8.421e+18	1.11483e+19	1.46037e+19	1.89386e+19	2.43265e+19	
43.2876	0	0	0	0	0	0	0	1.78188e-75	2.09651e-57	9.92236e-46	4.64915e-37	3.27998e-30	1.23073e-24	5.20462e-20	4.13437e-16	8.87594e-13	6.71502e-10	2.18149e-07	3.53642e-05	0.00321341	0.17934	6.61305	170.912	3249.07	47280.6	544496	5.10322e+06	3.98592e+07	2.64746e+08	1.52157e+09	7.68114e+09	3.45053e+10	1.3951e+11	5.12749e+11	1.72819e+12	5.38298e+12	1.56021e+13	4.23376e+13	1.08148e+14	2.61323e+14	5.99947e+14	1.31382e+15	2.75421e+15	5.5449e+15	1.07522e+16	2.01356e+16	3.65042e+16	6.42088e+16	1.09798e+17	1.82873e+17	2.97162e+17	4.71849e+17	7.3317e+17	1.11627e+18	1.66737e+18	2.44613e+18	3.5283e+18	5.00856e+18	7.00344e+18	9.65437e+18	1.31307e+19	1.76327e+19	2.33943e+19	3.06856e+19	3.98152e+19	5.11321e+19	6.50266e+19	8.19319e+19	1.02324e+20	1.26721e+20	1.55682e+20	
46.4159	0	0	0	0	0	0	0	2.67068e-58	3.45153e-43	2.80984e-33	5.00533e-26	2.14738e-20	7.40865e-16	4.15306e-12	5.93657e-09	2.94204e-06	0.000629047	0.0681578	4.22567	164.622	4337	81923.5	1.16317e+06	1.29015e+07	1.15403e+08	8.54843e+08	5.36211e+09	2.90248e+10	1.37782e+11	5.81604e+11	2.2094e+12	7.63234e+12	2.41952e+13	7.09508e+13	1.9382e+14	4.96316e+14	1.19795e+15	2.73893e+15	5.958e+15	1.23798e+16	2.46582e+16	4.72322e+16	8.72576e+16	1.55882e+17	2.69931e+17	4.54063e+17	7.43441e+17	1.18694e+18	1.85092e+18	2.82343e+18	4.219e+18	6.18361e+18	8.89999e+18	1.2593e+19	1.75348e+19	2.40498e+19	3.25194e+19	4.33851e+19	5.71526e+19	7.43928e+19	9.57435e+19	1.21909e+20	1.53658e+20	1.91824e+20	2.37296e+20	2.91019e+20	3.53987e+20	4.27232e+20	5.11823e+20	6.08851e+20	7.19427e+20	
49.7702	0	0	0	0	0	0	0	2.72515e-41	6.18118e-30	2.83017e-22	1.30389e-16	3.43304e-12	1.30041e-08	1.22027e-05	0.00400623	0.580928	43.8828	1949.76	55863.7	1.10841e+06	1.61117e+07	1.79492e+08	1.58978e+09	1.15371e+10	7.0336e+10	3.67853e+11	1.67984e+12	6.7997e+12	2.47139e+13	8.15548e+13	2.46718e+14	6.89995e+14	1.79714e+15	4.38759e+15	1.00987e+16	2.20246e+16	4.57217e+16	9.07126e+16	1.72631e+17	3.16152e+17	5.58825e+17	9.55906e+17	1.58622e+18	2.55901e+18	4.02168e+18	6.16825e+18	9.24822e+18	1.35756e+19	1.95376e+19	2.7603e+19	3.83287e+19	5.23662e+19	7.04651e+19	9.34753e+19	1.22347e+20	1.58129e+20	2.01962e+20	2.55076e+20	3.18778e+20	3.94442e+20	4.83499e+20	5.8742e+20	7.07707e+20	8.45873e+20	1.00343e+21	1.18186e+21	1.38264e+21	1.60718e+21	1.85682e+21	2.13285e+21	2.43646e+21	
53.367	0	0	0	0	0	0	1.2765e-34	1.27241e-24	3.50765e-18	3.42731e-13	4.44904e-09	1.12444e-05	0.00763624	1.85914	202.636	11656.8	400020	8.9824e+06	1.41715e+08	1.66087e+09	1.51143e+10	1.10684e+11	6.71587e+11	3.45863e+12	1.54251e+13	6.05932e+13	2.12685e+14	6.75305e+14	1.96023e+15	5.24966e+15	1.30749e+16	3.04966e+16	6.70253e+16	1.39556e+17	2.76609e+17	5.24136e+17	9.53096e+17	1.66888e+18	2.82253e+18	4.62354e+18	7.35383e+18	1.13823e+19	1.71797e+19	2.53319e+19	3.65528e+19	5.16944e+19	7.17536e+19	9.78766e+19	1.31359e+20	1.73643e+20	2.26307e+20	2.91057e+20	3.69713e+20	4.64188e+20	5.76468e+20	7.08592e+20	8.62627e+20	1.04064e+21	1.24469e+21	1.47678e+21	1.73883e+21	2.03271e+21	2.36014e+21	2.72274e+21	3.12197e+21	3.55912e+21	4.03534e+21	4.55159e+21	5.10863e+21	5.70705e+21	6.34724e+21	
57.2237	0	0	0	0	0	0	5.16091e-26	6.69709e-17	5.16872e-11	1.1664e-06	0.0031333	1.92508	397.33	35634.2	1.66506e+06	4.62492e+07	8.42286e+08	1.08346e+10	1.04271e+11	7.85551e+11	4.80352e+12	2.45494e+13	1.07411e+14	4.10414e+14	1.3925e+15	4.25468e+15	1.18475e+16	3.03746e+16	7.23351e+16	1.61232e+17	3.38614e+17	6.73949e+17	1.27772e+18	2.31782e+18	4.03912e+18	6.78567e+18	1.10245e+19	1.73704e+19	2.66091e+19	3.97197e+19	5.78917e+19	8.25386e+19	1.15305e+20	1.58068e+20	2.12928e+20	2.82198e+20	3.68383e+20	4.7415e+20	6.02302e+20	7.55734e+20	9.37402e+20	1.15027e+21	1.39729e+21	1.68132e+21	2.00513e+21	2.37133e+21	2.78235e+21	3.2404e+21	3.74746e+21	4.30522e+21	4.91512e+21	5.57827e+21	6.2955e+21	7.06732e+21	7.89393e+21	8.77524e+21	9.71083e+21	1.07e+22	1.17419e+22	1.28352e+22	1.39784e+22	
61.3591	0	0	0	0	0	0	9.65128e-18	7.69547e-10	8.22433e-05	0.370948	251.458	47732.4	3.63066e+06	1.38964e+08	3.12353e+09	4.60079e+10	4.81325e+11	3.80069e+12	2.37395e+13	1.21694e+14	5.27262e+14	1.97729e+15	6.5441e+15	1.94248e+16	5.24102e+16	1.29999e+17	2.99284e+17	6.44772e+17	1.30906e+18	2.51989e+18	4.62349e+18	8.1232e+18	1.37218e+19	2.23652e+19	3.52842e+19	5.40322e+19	8.05141e+19	1.17006e+20	1.6616e+20	2.31e+20	3.14895e+20	4.21527e+20	5.54839e+20	7.18975e+20	9.18213e+20	1.15689e+21	1.4393e+21	1.76968e+21	2.15204e+21	2.59017e+21	3.08753e+21	3.6472e+21	4.27184e+21	4.96365e+21	5.72432e+21	6.55503e+21	7.45646e+21	8.42875e+21	9.47151e+21	1.05839e+22	1.17645e+22	1.30117e+22	1.43231e+22	1.56962e+22	1.71281e+22	1.86156e+22	2.01552e+22	2.17432e+22	2.33758e+22	2.50488e+22	2.67583e+22	
65.7933	0	0	0	0	0	0	6.99586e-09	0.00403176	29.6468	20702.8	3.39018e+06	2.0866e+08	6.36337e+09	1.14576e+11	1.37047e+12	1.18332e+13	7.83775e+13	4.1691e+14	1.84521e+15	6.98778e+15	2.31561e+16	6.83833e+16	1.8269e+17	4.47076e+17	1.01275e+18	2.14254e+18	4.26515e+18	8.04135e+18	1.4439e+19	2.48119e+19	4.09762e+19	6.52773e+19	1.00639e+20	1.5059e+20	2.19263e+20	3.11365e+20	4.3211e+20	5.87137e+20	7.8239e+20	1.02399e+21	1.31809e+21	1.67071e+21	2.08765e+21	2.57426e+21	3.13539e+21	3.77526e+21	4.49734e+21	5.30434e+21	6.19814e+21	7.17974e+21	8.24931e+21	9.40617e+21	1.06489e+22	1.19751e+22	1.3382e+22	1.4866e+22	1.64229e+22	1.80481e+22	1.97366e+22	2.14831e+22	2.32819e+22	2.51273e+22	2.70132e+22	2.89339e+22	3.08832e+22	3.28553e+22	3.48445e+22	3.68449e+22	3.88511e+22	4.08579e+22	4.28601e+22	
70.548	0	0	0	0	0	2.07586e-05	2.1383	3648.23	1.13374e+06	1.23741e+08	5.97139e+09	1.51367e+11	2.321e+12	2.39675e+13	1.80519e+14	1.0526e+15	4.97147e+15	1.96936e+16	6.72438e+16	2.02263e+17	5.45439e+17	1.33776e+18	3.01981e+18	6.33675e+18	1.24649e+19	2.31502e+19	4.08446e+19	6.88231e+19	1.11266e+20	1.73291e+20	2.60926e+20	3.81023e+20	5.41108e+20	7.49191e+20	1.01353e+21	1.34236e+21	1.74369e+21	2.22498e+21	2.79296e+21	3.45344e+21	4.21114e+21	5.06958e+21	6.03103e+21	7.09647e+21	8.26562e+21	9.53698e+21	1.09079e+22	1.23747e+22	1.39328e+22	1.55767e+22	1.73004e+22	1.90973e+22	2.09601e+22	2.28817e+22	2.48544e+22	2.68707e+22	2.89228e+22	3.10033e+22	3.31049e+22	3.52202e+22	3.73426e+22	3.94653e+22	4.15822e+22	4.36874e+22	4.57753e+22	4.7841e+22	4.98796e+22	5.18868e+22	5.38587e+22	5.57916e+22	5.76825e+22	
75.6463	0	0	0	0	0	0.157848	10482.7	1.08799e+07	1.71683e+09	8.96663e+10	2.22374e+12	3.20774e+13	3.0624e+14	2.1144e+15	1.12545e+16	4.84325e+16	1.74743e+17	5.43766e+17	1.49256e+18	3.6797e+18	8.26928e+18	1.71471e+19	3.31431e+19	6.02274e+19	1.03644e+20	1.69956e+20	2.66988e+20	4.03654e+20	5.89701e+20	8.35374e+20	1.15104e+21	1.5468e+21	2.03211e+21	2.61547e+21	3.30413e+21	4.10389e+21	5.01899e+21	6.052e+21	7.20384e+21	8.47385e+21	9.85985e+21	1.13583e+22	1.29644e+22	1.46723e+22	1.64753e+22	1.83659e+22	2.03362e+22	2.23776e+22	2.44816e+22	2.66392e+22	2.88417e+22	3.10803e+22	3.33463e+22	3.56314e+22	3.79275e+22	4.02267e+22	4.25218e+22	4.48058e+22	4.7072e+22	4.93143e+22	5.1527e+22	5.37049e+22	5.58431e+22	5.79372e+22	5.99834e+22	6.1978e+22	6.39179e+22	6.58003e+22	6.76228e+22	6.93834e+22	7.10804e+22	
81.1131	0	0	0	0	0	3796.91	3.37262e+07	1.24467e+10	9.10613e+11	2.5094e+13	3.59544e+14	3.22251e+15	2.03e+16	9.72248e+16	3.74305e+17	1.20687e+18	3.36199e+18	8.2895e+18	1.84401e+19	3.75819e+19	7.10572e+19	1.2593e+20	2.10988e+20	3.36595e+20	5.14406e+20	7.5697e+20	1.07728e+21	1.48826e+21	2.00231e+21	2.63089e+21	3.38408e+21	4.27032e+21	5.29618e+21	6.46623e+21	7.78291e+21	9.24662e+21	1.08557e+22	1.26066e+22	1.4494e+22	1.65109e+22	1.8649e+22	2.08988e+22	2.32499e+22	2.5691e+22	2.82104e+22	3.07959e+22	3.34352e+22	3.6116e+22	3.88263e+22	4.15541e+22	4.42879e+22	4.70168e+22	4.97302e+22	5.24184e+22	5.50721e+22	5.76828e+22	6.02428e+22	6.27451e+22	6.51832e+22	6.75515e+22	6.98452e+22	7.20598e+22	7.41918e+22	7.62381e+22	7.81963e+22	8.00645e+22	8.18413e+22	8.35258e+22	8.51174e+22	8.66162e+22	8.80223e+22	
86.9749	0	0	0	0	0	7.10609e+07	9.47908e+10	9.2162e+12	2.54161e+14	3.29132e+15	2.56944e+16	1.39668e+17	5.79134e+17	1.94818e+18	5.55312e+18	1.38459e+19	3.09293e+19	6.30458e+19	1.18965e+20	2.10193e+20	3.50947e+20	5.57878e+20	8.49556e+20	1.24575e+21	1.76657e+21	2.43157e+21	3.25881e+21	4.26407e+21	5.46016e+21	6.8564e+21	8.4583e+21	1.02674e+22	1.22815e+22	1.44944e+22	1.68968e+22	1.94762e+22	2.22178e+22	2.51044e+22	2.81177e+22	3.1238e+22	3.44451e+22	3.77186e+22	4.10382e+22	4.43843e+22	4.77376e+22	5.10802e+22	5.43951e+22	5.76664e+22	6.08799e+22	6.40223e+22	6.7082e+22	7.00488e+22	7.29135e+22	7.56687e+22	7.83078e+22	8.08257e+22	8.32183e+22	8.54825e+22	8.76163e+22	8.96183e+22	9.14883e+22	9.32264e+22	9.48335e+22	9.63113e+22	9.76616e+22	9.88869e+22	9.999e+22	1.00974e+23	1.01842e+23	1.02598e+23	1.03246e+23	
93.2603	0	0	0	0	9.32182e+09	3.08569e+12	1.28003e+14	2.12708e+15	2.04299e+16	1.32604e+17	6.36835e+17	2.41121e+18	7.54657e+18	2.02408e+19	4.78303e+19	1.01748e+20	1.9817e+20	3.58157e+20	6.07192e+20	9.74129e+20	1.48966e+21	2.18452e+21	3.08757e+21	4.22407e+21	5.61419e+21	7.27191e+21	9.20447e+21	1.1412e+22	1.3888e+22	1.66196e+22	1.95881e+22	2.27707e+22	2.61405e+22	2.96682e+22	3.33229e+22	3.70727e+22	4.08859e+22	4.47317e+22	4.85804e+22	5.24041e+22	5.6177e+22	5.98757e+22	6.34793e+22	6.69693e+22	7.03298e+22	7.35476e+22	7.66114e+22	7.95127e+22	8.22447e+22	8.48028e+22	8.71841e+22	8.93871e+22	9.14119e+22	9.32599e+22	9.49334e+22	9.64358e+22	9.77711e+22	9.89441e+22	9.99601e+22	1.00825e+23	1.01544e+23	1.02124e+23	1.02571e+23	1.02893e+23	1.03094e+23	1.03182e+23	1.03163e+23	1.03044e+23	1.02831e+23	1.02529e+23	1.02145e+23	
100	0	0	0	0	5.93294e+11	1.39248e+14	4.67689e+15	6.02512e+16	4.37554e+17	2.1662e+18	8.14362e+18	2.48674e+19	6.4523e+19	1.46862e+20	3.00211e+20	5.61116e+20	9.72488e+20	1.5805e+21	2.43072e+21	3.56421e+21	5.01402e+21	6.80261e+21	8.94035e+21	1.14251e+22	1.42428e+22	1.73687e+22	2.07693e+22	2.44047e+22	2.823e+22	3.21983e+22	3.62618e+22	4.0374e+22	4.44903e+22	4.85696e+22	5.25747e+22	5.64724e+22	6.02343e+22	6.38364e+22	6.7259e+22	7.04868e+22	7.35082e+22	7.6315e+22	7.89024e+22	8.12683e+22	8.34129e+22	8.53387e+22	8.70498e+22	8.85517e+22	8.98511e+22	9.09556e+22	9.18735e+22	9.26136e+22	9.31851e+22	9.35973e+22	9.38595e+22	9.39811e+22	9.39713e+22	9.38393e+22	9.35937e+22	9.32431e+22	9.27958e+22	9.22596e+22	9.16421e+22	9.09503e+22	9.01911e+22	8.9371e+22	8.84958e+22	8.75715e+22	8.66033e+22	8.55962e+22	8.45549e+22	
107.227	0	0	0	0	1.80181e+13	4.71346e+15	1.22555e+17	1.21694e+18	6.95201e+18	2.75982e+19	8.45917e+19	2.13769e+20	4.65396e+20	9.00376e+20	1.5835e+21	2.57543e+21	3.92534e+21	5.6655e+21	7.80835e+21	1.03463e+22	1.32536e+22	1.64892e+22	2.00015e+22	2.37317e+22	2.7618e+22	3.15991e+22	3.56163e+22	3.9616e+22	4.35504e+22	4.73785e+22	5.10661e+22	5.4586e+22	5.7917e+22	6.10439e+22	6.39564e+22	6.66487e+22	6.91188e+22	7.13677e+22	7.33989e+22	7.52178e+22	7.68314e+22	7.82476e+22	7.94754e+22	8.05238e+22	8.14026e+22	8.21212e+22	8.26894e+22	8.31164e+22	8.34115e+22	8.35835e+22	8.3641e+22	8.35921e+22	8.34445e+22	8.32057e+22	8.28827e+22	8.24821e+22	8.20101e+22	8.14727e+22	8.08754e+22	8.02234e+22	7.95217e+22	7.87748e+22	7.79871e+22	7.71626e+22	7.63051e+22	7.54182e+22	7.45051e+22	7.35691e+22	7.26131e+22	7.16396e+22	7.06514e+22	
114.976	0	0	0	0	1.44683e+16	5.10392e+17	5.21547e+18	2.78552e+19	9.9811e+19	2.73043e+20	6.15305e+20	1.19929e+21	2.09002e+21	3.33465e+21	4.95689e+21	6.9563e+21	9.3115e+21	1.19854e+22	1.4931e+22	1.80972e+22	2.14325e+22	2.48886e+22	2.84218e+22	3.19938e+22	3.55716e+22	3.91273e+22	4.26372e+22	4.60812e+22	4.9442e+22	5.27045e+22	5.58556e+22	5.88836e+22	6.17783e+22	6.45306e+22	6.71329e+22	6.95784e+22	7.18619e+22	7.39791e+22	7.59272e+22	7.77044e+22	7.93103e+22	8.07454e+22	8.20115e+22	8.31111e+22	8.40478e+22	8.48259e+22	8.54505e+22	8.59271e+22	8.62617e+22	8.64608e+22	8.65312e+22	8.64796e+22	8.63132e+22	8.60391e+22	8.56642e+22	8.51955e+22	8.46401e+22	8.40044e+22	8.32952e+22	8.25186e+22	8.16807e+22	8.07874e+22	7.98442e+22	7.88564e+22	7.78289e+22	7.67666e+22	7.56738e+22	7.45547e+22	7.34133e+22	7.22532e+22	7.10779e+22	
123.285	0	0	0	2.19798e+17	4.08792e+18	2.55343e+19	9.46793e+19	2.56706e+20	5.65469e+20	1.07689e+21	1.84525e+21	2.92198e+21	4.35506e+21	6.18743e+21	8.45413e+21	1.11787e+22	1.43699e+22	1.80198e+22	2.21027e+22	2.65768e+22	3.13858e+22	3.64627e+22	4.17333e+22	4.71198e+22	5.25443e+22	5.79322e+22	6.3214e+22	6.83275e+22	7.32186e+22	7.78421e+22	8.21618e+22	8.61503e+22	8.97882e+22	9.30636e+22	9.59714e+22	9.85121e+22	1.00691e+23	1.02518e+23	1.04006e+23	1.0517e+23	1.06026e+23	1.06594e+23	1.06892e+23	1.06941e+23	1.06758e+23	1.06365e+23	1.05779e+23	1.05019e+23	1.04102e+23	1.03045e+23	1.01864e+23	1.00573e+23	9.91854e+22	9.77148e+22	9.61727e+22	9.45701e+22	9.2917e+22	9.12226e+22	8.94954e+22	8.77429e+22	8.5972e+22	8.41891e+22	8.23998e+22	8.06091e+22	7.88216e+22	7.70414e+22	7.52719e+22	7.35164e+22	7.17777e+22	7.00582e+22	6.83601e+22	
132.194	0	0	0	0	6.43005e+18	5.50825e+19	2.34364e+20	6.9057e+20	1.61006e+21	3.18549e+21	5.57911e+21	8.89462e+21	1.31634e+22	1.83447e+22	2.43371e+22	3.09947e+22	3.81453e+22	4.56072e+22	5.32025e+22	6.0767e+22	6.81562e+22	7.52487e+22	8.19472e+22	8.81777e+22	9.38878e+22	9.90444e+22	1.0363e+23	1.07643e+23	1.1109e+23	1.13987e+23	1.16359e+23	1.18232e+23	1.19638e+23	1.20609e+23	1.21179e+23	1.21383e+23	1.21252e+23	1.2082e+23	1.20118e+23	1.19174e+23	1.18015e+23	1.16669e+23	1.15158e+23	1.13504e+23	1.11728e+23	1.09849e+23	1.07882e+23	1.05844e+23	1.03748e+23	1.01608e+23	9.94327e+22	9.72339e+22	9.50203e+22	9.27998e+22	9.05796e+22	8.8366e+22	8.61645e+22	8.39799e+22	8.18165e+22	7.9678e+22	7.75676e+22	7.5488e+22	7.34415e+22	7.143e+22	6.94551e+22	6.75183e+22	6.56204e+22	6.37623e+22	6.19446e+22	6.01678e+22	5.8432e+22	
141.747	0	0	0	7.3031e+18	8.62202e+19	4.24336e+20	1.31911e+21	3.0937e+21	6.006e+21	1.01923e+22	1.56528e+22	2.22682e+22	2.98321e+22	3.80868e+22	4.67557e+22	5.55692e+22	6.42816e+22	7.26825e+22	8.06014e+22	8.79083e+22	9.45117e+22	1.00355e+23	1.0541e+23	1.09674e+23	1.13164e+23	1.15911e+23	1.17956e+23	1.19349e+23	1.20143e+23	1.20393e+23	1.20155e+23	1.19484e+23	1.18432e+23	1.17049e+23	1.15381e+23	1.13471e+23	1.11359e+23	1.09079e+23	1.06664e+23	1.04143e+23	1.01541e+23	9.88817e+22	9.61838e+22	9.34651e+22	9.07406e+22	8.80233e+22	8.53244e+22	8.26532e+22	8.00179e+22	7.7425e+22	7.48799e+22	7.23872e+22	6.99503e+22	6.75721e+22	6.52545e+22	6.2999e+22	6.08066e+22	5.86778e+22	5.66127e+22	5.4611e+22	5.26724e+22	5.07961e+22	4.89811e+22	4.72266e+22	4.55312e+22	4.38937e+22	4.23127e+22	4.07868e+22	3.93146e+22	3.78945e+22	3.6525e+22	
151.991	0	0	0	1.11843e+20	9.39427e+20	3.20599e+21	7.36204e+21	1.34618e+22	2.12277e+22	3.01833e+22	3.97822e+22	4.95019e+22	5.88995e+22	6.76351e+22	7.54745e+22	8.22778e+22	8.79837e+22	9.2591e+22	9.61418e+22	9.87075e+22	1.00377e+23	1.01246e+23	1.01415e+23	1.00981e+23	1.00034e+23	9.86594e+22	9.69323e+22	9.49209e+22	9.26849e+22	9.02764e+22	8.77402e+22	8.51145e+22	8.24321e+22	7.972e+22	7.70012e+22	7.42945e+22	7.16152e+22	6.89759e+22	6.63865e+22	6.38547e+22	6.13865e+22	5.89864e+22	5.66576e+22	5.44021e+22	5.22211e+22	5.01151e+22	4.80841e+22	4.61272e+22	4.42436e+22	4.24319e+22	4.06906e+22	3.90179e+22	3.74119e+22	3.58705e+22	3.43919e+22	3.29738e+22	3.16142e+22	3.03109e+22	2.90618e+22	2.78649e+22	2.67182e+22	2.56196e+22	2.45672e+22	2.35591e+22	2.25936e+22	2.16688e+22	2.0783e+22	1.99345e+22	1.91219e+22	1.83436e+22	1.7598e+22	
162.975	0	0	1.18644e+21	5.03951e+21	1.16265e+22	2.01927e+22	2.97409e+22	3.93662e+22	4.83902e+22	5.63782e+22	6.31036e+22	6.8495e+22	7.25866e+22	7.54769e+22	7.72985e+22	7.81971e+22	7.83173e+22	7.77953e+22	7.6754e+22	7.53017e+22	7.35313e+22	7.15219e+22	6.93395e+22	6.70388e+22	6.46643e+22	6.22522e+22	5.98314e+22	5.7425e+22	5.50509e+22	5.27229e+22	5.04515e+22	4.82443e+22	4.61068e+22	4.40426e+22	4.20539e+22	4.01416e+22	3.83059e+22	3.65462e+22	3.48613e+22	3.32497e+22	3.17093e+22	3.0238e+22	2.88337e+22	2.74938e+22	2.62159e+22	2.49976e+22	2.38364e+22	2.27299e+22	2.16756e+22	2.06712e+22	1.97145e+22	1.88032e+22	1.79353e+22	1.71086e+22	1.63213e+22	1.55714e+22	1.48571e+22	1.41768e+22	1.35287e+22	1.29113e+22	1.23232e+22	1.17628e+22	1.12289e+22	1.07201e+22	1.02353e+22	9.7732e+21	9.33276e+21	8.91291e+21	8.51266e+21	8.13105e+21	7.76719e+21	
174.753	0	0	0	0	2.28721e+18	2.73e+19	1.3762e+20	4.41511e+20	1.07082e+21	2.14852e+21	3.76149e+21	5.94597e+21	8.6858e+21	1.19199e+22	1.55547e+22	1.94774e+22	2.35687e+22	2.7712e+22	3.18009e+22	3.57435e+22	3.94641e+22	4.29041e+22	4.60211e+22	4.87872e+22	5.11877e+22	5.32183e+22	5.48837e+22	5.61955e+22	5.71704e+22	5.78289e+22	5.81939e+22	5.829e+22	5.8142e+22	5.77752e+22	5.72139e+22	5.64816e+22	5.56008e+22	5.45924e+22	5.3476e+22	5.22696e+22	5.09896e+22	4.96511e+22	4.82675e+22	4.68509e+22	4.54121e+22	4.39607e+22	4.25051e+22	4.10527e+22	3.96097e+22	3.81818e+22	3.67735e+22	3.5389e+22	3.40314e+22	3.27035e+22	3.14076e+22	3.01453e+22	2.89182e+22	2.7727e+22	2.65725e+22	2.54551e+22	2.4375e+22	2.3332e+22	2.23261e+22	2.13567e+22	2.04234e+22	1.95256e+22	1.86626e+22	1.78336e+22	1.70377e+22	1.62741e+22	1.55419e+22	
187.382	0	0	0	4.36676e+21	1.39976e+22	2.81797e+22	4.556e+22	6.46516e+22	8.40949e+22	1.02779e+23	1.19882e+23	1.34861e+23	1.47419e+23	1.57452e+23	1.65007e+23	1.70229e+23	1.73331e+23	1.74557e+23	1.74167e+23	1.72413e+23	1.69536e+23	1.65753e+23	1.61262e+23	1.56234e+23	1.50817e+23	1.45135e+23	1.39293e+23	1.33379e+23	1.27461e+23	1.21598e+23	1.15833e+23	1.10201e+23	1.04729e+23	9.94345e+22	9.43318e+22	8.94293e+22	8.47317e+22	8.02407e+22	7.59556e+22	7.18737e+22	6.79908e+22	6.43017e+22	6.08003e+22	5.74801e+22	5.43339e+22	5.13546e+22	4.85349e+22	4.58673e+22	4.33448e+22	4.09601e+22	3.87063e+22	3.65767e+22	3.45648e+22	3.26644e+22	3.08694e+22	2.91743e+22	2.75734e+22	2.60617e+22	2.46342e+22	2.32862e+22	2.20133e+22	2.08113e+22	1.96761e+22	1.86041e+22	1.75917e+22	1.66355e+22	1.57323e+22	1.48792e+22	1.40733e+22	1.3312e+22	1.25927e+22	
200.923	0	0	2.06224e+22	4.81199e+22	7.54716e+22	9.93785e+22	1.18594e+23	1.32961e+23	1.42864e+23	1.4891e+23	1.51766e+23	1.52068e+23	1.50383e+23	1.47195e+23	1.42905e+23	1.3784e+23	1.32258e+23	1.26364e+23	1.20316e+23	1.14234e+23	1.0821e+23	1.02309e+23	9.65795e+22	9.10548e+22	8.57565e+22	8.06974e+22	7.58839e+22	7.1317e+22	6.69944e+22	6.29107e+22	5.90589e+22	5.54304e+22	5.20159e+22	4.88056e+22	4.57892e+22	4.29569e+22	4.02984e+22	3.78041e+22	3.54645e+22	3.32706e+22	3.12134e+22	2.92849e+22	2.74771e+22	2.57825e+22	2.41941e+22	2.27052e+22	2.13096e+22	2.00014e+22	1.87751e+22	1.76254e+22	1.65475e+22	1.55369e+22	1.45892e+22	1.37006e+22	1.28672e+22	1.20855e+22	1.13522e+22	1.06644e+22	1.00191e+22	9.41358e+21	8.8454e+21	8.31219e+21	7.81174e+21	7.34201e+21	6.90105e+21	6.48708e+21	6.0984e+21	5.73344e+21	5.39071e+21	5.06883e+21	4.76651e+21	
215.443	0	9.67665e+22	1.62047e+23	2.04592e+23	2.30646e+23	2.44779e+23	2.5036e+23	2.49881e+23	2.45181e+23	2.37615e+23	2.2818e+23	2.17603e+23	2.06415e+23	1.94995e+23	1.83613e+23	1.72458e+23	1.61658e+23	1.51295e+23	1.41421e+23	1.32062e+23	1.23228e+23	1.14916e+23	1.07115e+23	9.98092e+22	9.2977e+22	8.6596e+22	8.06423e+22	7.50917e+22	6.99199e+22	6.51033e+22	6.06192e+22	5.64457e+22	5.25619e+22	4.89483e+22	4.55863e+22	4.24586e+22	3.95487e+22	3.68416e+22	3.43229e+22	3.19794e+22	2.97987e+22	2.77695e+22	2.5881e+22	2.41232e+22	2.2487e+22	2.09639e+22	1.95457e+22	1.82252e+22	1.69955e+22	1.58502e+22	1.47835e+22	1.37898e+22	1.2864e+22	1.20013e+22	1.11975e+22	1.04484e+22	9.75021e+21	9.09939e+21	8.49269e+21	7.92705e+21	7.39964e+21	6.90784e+21	6.4492e+21	6.02144e+21	5.62245e+21	5.25026e+21	4.90304e+21	4.57909e+21	4.27682e+21	3.99476e+21	3.73154e+21	
231.013	0	0	0	0	0	0	0	0	0	0	0	0	0	0	0	0	0	0	0	0	0	0	0	0	0	0	0	0	0	0	0	0	0	0	0	0	0	0	0	0	0	0	0	0	0	0	0	0	0	0	0	0	0	0	0	0	0	0	0	0	0	0	0	0	0	0	0	0	0	0	0	
247.708	0	0	0	0	0	0	0	0	0	0	0	0	0	0	0	0	0	0	0	0	0	0	0	0	0	0	0	0	0	0	0	0	0	0	0	0	0	0	0	0	0	0	0	0	0	0	0	0	0	0	0	0	0	0	0	0	0	0	0	0	0	0	0	0	0	0	0	0	0	0	0	
265.609	0	0	0	0	0	0	0	0	0	0	0	0	0	0	0	0	0	0	0	0	0	0	0	0	0	0	0	0	0	0	0	0	0	0	0	0	0	0	0	0	0	0	0	0	0	0	0	0	0	0	0	0	0	0	0	0	0	0	0	0	0	0	0	0	0	0	0	0	0	0	0	
284.804	9.67665e+23	8.70898e+23	7.83809e+23	7.05428e+23	6.34885e+23	5.71396e+23	5.14257e+23	4.62831e+23	4.16548e+23	3.74893e+23	3.37404e+23	3.03663e+23	2.73297e+23	2.45967e+23	2.21371e+23	1.99234e+23	1.7931e+23	1.61379e+23	1.45241e+23	1.30717e+23	1.17645e+23	1.05881e+23	9.52928e+22	8.57635e+22	7.71872e+22	6.94685e+22	6.25216e+22	5.62695e+22	5.06425e+22	4.55783e+22	4.10204e+22	3.69184e+22	3.32266e+22	2.99039e+22	2.69135e+22	2.42222e+22	2.17999e+22	1.96199e+22	1.7658e+22	1.58922e+22	1.43029e+22	1.28726e+22	1.15854e+22	1.04268e+22	9.38416e+21	8.44574e+21	7.60117e+21	6.84105e+21	6.15695e+21	5.54125e+21	4.98713e+21	4.48841e+21	4.03957e+21	3.63562e+21	3.27205e+21	2.94485e+21	2.65036e+21	2.38533e+21	2.14679e+21	1.93212e+21	1.7389e+21	1.56501e+21	1.40851e+21	1.26766e+21	1.14089e+21	1.02681e+21	9.24125e+20	8.31712e+20	7.48541e+20	6.73687e+20	6.06318e+20	
305.386	0	0	0	0	0	0	0	0	0	0	0	0	0	0	0	0	0	0	0	0	0	0	0	0	0	0	0	0	0	0	0	0	0	0	0	0	0	0	0	0	0	0	0	0	0	0	0	0	0	0	0	0	0	0	0	0	0	0	0	0	0	0	0	0	0	0	0	0	0	0	0	
327.455	0	0	0	0	0	0	0	0	0	0	0	0	0	0	0	0	0	0	0	0	0	0	0	0	0	0	0	0	0	0	0	0	0	0	0	0	0	0	0	0	0	0	0	0	0	0	0	0	0	0	0	0	0	0	0	0	0	0	0	0	0	0	0	0	0	0	0	0	0	0	0	
351.119	0	0	0	0	0	0	0	0	0	0	0	0	0	0	0	0	0	0	0	0	0	0	0	0	0	0	0	0	0	0	0	0	0	0	0	0	0	0	0	0	0	0	0	0	0	0	0	0	0	0	0	0	0	0	0	0	0	0	0	0	0	0	0	0	0	0	0	0	0	0	0	
376.494	0	0	0	0	0	0	0	0	0	0	0	0	0	0	0	0	0	0	0	0	0	0	0	0	0	0	0	0	0	0	0	0	0	0	0	0	0	0	0	0	0	0	0	0	0	0	0	0	0	0	0	0	0	0	0	0	0	0	0	0	0	0	0	0	0	0	0	0	0	0	0	
403.702	0	0	0	0	0	0	0	0	0	0	0	0	0	0	0	0	0	0	0	0	0	0	0	0	0	0	0	0	0	0	0	0	0	0	0	0	0	0	0	0	0	0	0	0	0	0	0	0	0	0	0	0	0	0	0	0	0	0	0	0	0	0	0	0	0	0	0	0	0	0	0	
432.876	0	0	0	0	0	0	0	0	0	0	0	0	0	0	0	0	0	0	0	0	0	0	0	0	0	0	0	0	0	0	0	0	0	0	0	0	0	0	0	0	0	0	0	0	0	0	0	0	0	0	0	0	0	0	0	0	0	0	0	0	0	0	0	0	0	0	0	0	0	0	0	
464.159	0	0	0	0	0	0	0	0	0	0	0	0	0	0	0	0	0	0	0	0	0	0	0	0	0	0	0	0	0	0	0	0	0	0	0	0	0	0	0	0	0	0	0	0	0	0	0	0	0	0	0	0	0	0	0	0	0	0	0	0	0	0	0	0	0	0	0	0	0	0	0	
497.702	0	0	0	0	0	0	0	0	0	0	0	0	0	0	0	0	0	0	0	0	0	0	0	0	0	0	0	0	0	0	0	0	0	0	0	0	0	0	0	0	0	0	0	0	0	0	0	0	0	0	0	0	0	0	0	0	0	0	0	0	0	0	0	0	0	0	0	0	0	0	0	
533.67	0	0	0	0	0	0	0	0	0	0	0	0	0	0	0	0	0	0	0	0	0	0	0	0	0	0	0	0	0	0	0	0	0	0	0	0	0	0	0	0	0	0	0	0	0	0	0	0	0	0	0	0	0	0	0	0	0	0	0	0	0	0	0	0	0	0	0	0	0	0	0	
572.237	0	0	0	0	0	0	0	0	0	0	0	0	0	0	0	0	0	0	0	0	0	0	0	0	0	0	0	0	0	0	0	0	0	0	0	0	0	0	0	0	0	0	0	0	0	0	0	0	0	0	0	0	0	0	0	0	0	0	0	0	0	0	0	0	0	0	0	0	0	0	0	
613.591	0	0	0	0	0	0	0	0	0	0	0	0	0	0	0	0	0	0	0	0	0	0	0	0	0	0	0	0	0	0	0	0	0	0	0	0	0	0	0	0	0	0	0	0	0	0	0	0	0	0	0	0	0	0	0	0	0	0	0	0	0	0	0	0	0	0	0	0	0	0	0	
657.933	0	0	0	0	0	0	0	0	0	0	0	0	0	0	0	0	0	0	0	0	0	0	0	0	0	0	0	0	0	0	0	0	0	0	0	0	0	0	0	0	0	0	0	0	0	0	0	0	0	0	0	0	0	0	0	0	0	0	0	0	0	0	0	0	0	0	0	0	0	0	0	
705.48	0	0	0	0	0	0	0	0	0	0	0	0	0	0	0	0	0	0	0	0	0	0	0	0	0	0	0	0	0	0	0	0	0	0	0	0	0	0	0	0	0	0	0	0	0	0	0	0	0	0	0	0	0	0	0	0	0	0	0	0	0	0	0	0	0	0	0	0	0	0	0	
756.463	0	0	0	0	0	0	0	0	0	0	0	0	0	0	0	0	0	0	0	0	0	0	0	0	0	0	0	0	0	0	0	0	0	0	0	0	0	0	0	0	0	0	0	0	0	0	0	0	0	0	0	0	0	0	0	0	0	0	0	0	0	0	0	0	0	0	0	0	0	0	0	
811.131	0	0	0	0	0	0	0	0	0	0	0	0	0	0	0	0	0	0	0	0	0	0	0	0	0	0	0	0	0	0	0	0	0	0	0	0	0	0	0	0	0	0	0	0	0	0	0	0	0	0	0	0	0	0	0	0	0	0	0	0	0	0	0	0	0	0	0	0	0	0	0	
869.749	0	0	0	0	0	0	0	0	0	0	0	0	0	0	0	0	0	0	0	0	0	0	0	0	0	0	0	0	0	0	0	0	0	0	0	0	0	0	0	0	0	0	0	0	0	0	0	0	0	0	0	0	0	0	0	0	0	0	0	0	0	0	0	0	0	0	0	0	0	0	0	
932.603	0	0	0	0	0	0	0	0	0	0	0	0	0	0	0	0	0	0	0	0	0	0	0	0	0	0	0	0	0	0	0	0	0	0	0	0	0	0	0	0	0	0	0	0	0	0	0	0	0	0	0	0	0	0	0	0	0	0	0	0	0	0	0	0	0	0	0	0	0	0	0	
1000	0	0	0	0	0	0	0	0	0	0	0	0	0	0	0	0	0	0	0	0	0	0	0	0	0	0	0	0	0	0	0	0	0	0	0	0	0	0	0	0	0	0	0	0	0	0	0	0	0	0	0	0	0	0	0	0	0	0	0	0	0	0	0	0	0	0	0	0	0	0	0	
