Bin-size	Zeitschritt_0	Zeitschritt_1	Zeitschritt_2	Zeitschritt_3	Zeitschritt_4	Zeitschritt_5	Zeitschritt_6	Zeitschritt_7	Zeitschritt_8	Zeitschritt_9	Zeitschritt_10	Zeitschritt_11	Zeitschritt_12	Zeitschritt_13	Zeitschritt_14	Zeitschritt_15	
1	0	0	0	0	0	0	0	0	0	0	0	0	0	0	0	0	
1.07227	0	0	0	0	0	0	0	0	0	0	0	0	0	0	0	0	
1.14976	0	0	0	0	0	0	0	0	0	0	0	0	0	0	0	0	
1.23285	0	0	0	0	0	0	0	0	0	0	0	0	0	0	0	0	
1.32194	0	0	0	0	0	0	0	0	0	0	0	0	0	0	0	0	
1.41747	0	0	0	0	0	0	0	0	0	0	0	0	0	0	0	0	
1.51991	0	0	0	0	0	0	0	0	0	0	0	0	0	0	0	0	
1.62975	0	0	0	0	0	0	0	0	0	0	0	0	0	0	0	0	
1.74753	0	0	0	0	0	0	0	0	0	0	0	0	0	0	0	0	
1.87382	0	0	0	0	0	0	0	0	0	0	0	0	0	0	0	0	
2.00923	0	0	0	0	0	0	0	0	0	0	0	0	0	0	0	0	
2.15443	0	0	0	0	0	0	0	0	0	0	0	0	0	0	0	0	
2.31013	0	0	0	0	0	0	0	0	0	0	0	0	0	0	0	0	
2.47708	0	0	0	0	0	0	0	0	0	0	0	0	0	0	0	0	
2.65609	0	0	0	0	0	0	0	0	0	0	0	0	0	0	0	0	
2.84804	0	0	0	0	0	0	0	0	0	0	0	0	0	0	0	0	
3.05386	0	0	0	0	0	0	0	0	0	0	0	0	0	0	0	0	
3.27455	0	0	0	0	0	0	0	0	0	0	0	0	0	0	0	0	
3.51119	0	0	0	0	0	0	0	0	0	0	0	0	0	0	0	0	
3.76494	0	0	0	0	0	0	0	0	0	0	0	0	0	0	0	0	
4.03702	0	0	0	0	0	0	0	0	0	0	0	0	0	0	0	0	
4.32876	0	0	0	0	0	0	0	0	0	0	0	0	0	0	0	0	
4.64159	0	0	0	0	0	0	0	0	0	0	0	0	0	0	0	0	
4.97702	0	0	0	0	0	0	0	0	0	0	0	0	0	0	0	0	
5.3367	0	0	0	0	0	0	0	0	0	0	0	0	0	0	0	0	
5.72237	0	0	0	0	0	0	0	0	0	0	0	0	0	0	0	0	
6.13591	0	0	0	0	0	0	0	0	0	0	0	0	0	0	0	0	
6.57933	0	0	0	0	0	0	0	0	0	0	0	0	0	0	0	0	
7.0548	0	0	0	0	0	0	0	0	0	0	0	0	0	0	0	0	
7.56463	0	0	0	0	0	0	0	0	0	0	0	0	0	0	0	0	
8.11131	0	0	0	0	0	0	0	0	0	0	0	0	0	0	0	0	
8.69749	0	0	0	0	0	0	0	0	0	0	0	0	0	0	0	0	
9.32603	0	0	0	0	0	0	0	0	0	0	0	0	0	0	0	0	
10	0	0	0	0	0	0	0	0	0	0	0	0	0	0	0	0	
10.7227	0	0	0	0	0	0	0	0	0	0	0	0	0	0	0	0	
11.4976	0	0	0	0	0	0	0	0	0	0	0	0	0	0	0	0	
12.3285	0	0	0	0	0	0	0	0	0	0	0	0	0	0	0	0	
13.2194	0	0	0	0	0	0	0	0	0	0	0	0	0	0	0	0	
14.1747	0	0	0	0	0	0	0	0	0	0	0	0	0	0	0	0	
15.1991	0	0	0	0	0	0	0	0	0	0	0	0	0	0	0	0	
16.2975	0	0	0	0	0	0	0	0	0	0	0	0	0	0	0	0	
17.4753	0	0	0	0	0	0	0	0	0	0	0	0	0	0	0	0	
18.7382	0	0	0	0	0	0	0	0	0	0	0	0	0	0	0	0	
20.0923	0	0	0	0	0	0	0	0	0	0	0	0	0	0	0	6.0094e-293	
21.5443	0	0	0	0	0	0	0	0	0	0	0	0	0	6.4301e-299	1.06932e-263	3.43987e-235	
23.1013	0	0	0	0	0	0	0	0	0	0	0	0	1.22897e-271	7.70659e-239	1.11987e-211	4.59374e-189	
24.7708	0	0	0	0	0	0	0	0	0	0	1.84677e-300	6.90233e-254	2.77018e-219	5.89051e-192	1.01917e-169	2.87524e-151	
26.5609	0	0	0	0	0	0	0	0	0	0	1.42031e-243	3.96573e-204	3.2175e-175	9.23031e-153	1.13164e-134	9.81582e-120	
28.4804	0	0	0	0	0	0	0	0	0	1.68206e-235	8.83442e-191	3.01292e-160	1.14931e-137	4.81468e-120	8.86572e-106	6.30037e-94	
30.5386	0	0	0	0	0	0	0	0	1.64361e-209	1.35252e-169	6.53675e-144	5.06206e-124	1.30292e-107	5.10205e-94	1.06084e-82	3.65399e-73	
32.7455	0	0	0	0	0	0	0	0	2.75731e-174	1.92587e-138	3.81909e-115	7.86918e-98	3.7295e-84	5.03831e-73	8.6847e-64	5.2976e-56	
35.1119	0	0	0	0	0	0	0	0	6.80606e-140	5.46213e-110	2.99448e-90	8.7775e-76	1.52806e-64	1.73759e-55	5.25112e-48	1.03773e-41	
37.6494	0	0	0	0	0	0	0	0	5.34546e-106	1.42228e-83	2.70553e-68	5.43439e-57	3.6143e-48	5.03419e-41	4.34922e-35	4.63822e-30	
40.3702	0	0	0	0	0	0	0	5.99413e-93	5.60257e-73	4.01061e-60	3.63191e-50	5.98962e-42	3.8426e-35	1.79052e-29	1.07078e-24	1.27913e-20	
43.2876	0	0	0	0	0	0	0	1.78188e-75	2.09651e-57	9.92236e-46	4.64915e-37	3.27998e-30	1.23073e-24	5.20462e-20	4.13437e-16	8.87594e-13	
46.4159	0	0	0	0	0	0	0	2.67068e-58	3.45153e-43	2.80984e-33	5.00533e-26	2.14738e-20	7.40865e-16	4.15306e-12	5.93657e-09	2.94204e-06	
49.7702	0	0	0	0	0	0	0	2.72515e-41	6.18118e-30	2.83017e-22	1.30389e-16	3.43304e-12	1.30041e-08	1.22027e-05	0.00400623	0.580928	
53.367	0	0	0	0	0	0	1.2765e-34	1.27241e-24	3.50765e-18	3.42731e-13	4.44904e-09	1.12444e-05	0.00763624	1.85914	202.636	11656.8	
57.2237	0	0	0	0	0	0	5.16091e-26	6.69709e-17	5.16872e-11	1.1664e-06	0.0031333	1.92508	397.33	35634.2	1.66506e+06	4.62492e+07	
61.3591	0	0	0	0	0	0	9.65128e-18	7.69547e-10	8.22433e-05	0.370948	251.458	47732.4	3.63066e+06	1.38964e+08	3.12353e+09	4.60079e+10	
65.7933	0	0	0	0	0	0	6.99586e-09	0.00403176	29.6468	20702.8	3.39018e+06	2.0866e+08	6.36337e+09	1.14576e+11	1.37047e+12	1.18332e+13	
70.548	0	0	0	0	0	2.07586e-05	2.1383	3648.23	1.13374e+06	1.23741e+08	5.97139e+09	1.51367e+11	2.321e+12	2.39675e+13	1.80519e+14	1.0526e+15	
75.6463	0	0	0	0	0	0.157848	10482.7	1.08799e+07	1.71683e+09	8.96663e+10	2.22374e+12	3.20774e+13	3.0624e+14	2.1144e+15	1.12545e+16	4.84325e+16	
81.1131	0	0	0	0	0	3796.91	3.37262e+07	1.24467e+10	9.10613e+11	2.5094e+13	3.59544e+14	3.22251e+15	2.03e+16	9.72248e+16	3.74305e+17	1.20687e+18	
86.9749	0	0	0	0	0	7.10609e+07	9.47908e+10	9.2162e+12	2.54161e+14	3.29132e+15	2.56944e+16	1.39668e+17	5.79134e+17	1.94818e+18	5.55312e+18	1.38459e+19	
93.2603	0	0	0	0	9.32182e+09	3.08569e+12	1.28003e+14	2.12708e+15	2.04299e+16	1.32604e+17	6.36835e+17	2.41121e+18	7.54657e+18	2.02408e+19	4.78303e+19	1.01748e+20	
100	0	0	0	0	5.93294e+11	1.39248e+14	4.67689e+15	6.02512e+16	4.37554e+17	2.1662e+18	8.14362e+18	2.48674e+19	6.4523e+19	1.46862e+20	3.00211e+20	5.61116e+20	
107.227	0	0	0	0	1.80181e+13	4.71346e+15	1.22555e+17	1.21694e+18	6.95201e+18	2.75982e+19	8.45917e+19	2.13769e+20	4.65396e+20	9.00376e+20	1.5835e+21	2.57543e+21	
114.976	0	0	0	0	1.44683e+16	5.10392e+17	5.21547e+18	2.78552e+19	9.9811e+19	2.73043e+20	6.15305e+20	1.19929e+21	2.09002e+21	3.33465e+21	4.95689e+21	6.9563e+21	
123.285	0	0	0	2.19798e+17	4.08792e+18	2.55343e+19	9.46793e+19	2.56706e+20	5.65469e+20	1.07689e+21	1.84525e+21	2.92198e+21	4.35506e+21	6.18743e+21	8.45413e+21	1.11787e+22	
132.194	0	0	0	0	6.43005e+18	5.50825e+19	2.34364e+20	6.9057e+20	1.61006e+21	3.18549e+21	5.57911e+21	8.89462e+21	1.31634e+22	1.83447e+22	2.43371e+22	3.09947e+22	
141.747	0	0	0	7.3031e+18	8.62202e+19	4.24336e+20	1.31911e+21	3.0937e+21	6.006e+21	1.01923e+22	1.56528e+22	2.22682e+22	2.98321e+22	3.80868e+22	4.67557e+22	5.55692e+22	
151.991	0	0	0	1.11843e+20	9.39427e+20	3.20599e+21	7.36204e+21	1.34618e+22	2.12277e+22	3.01833e+22	3.97822e+22	4.95019e+22	5.88995e+22	6.76351e+22	7.54745e+22	8.22778e+22	
162.975	0	0	1.18644e+21	5.03951e+21	1.16265e+22	2.01927e+22	2.97409e+22	3.93662e+22	4.83902e+22	5.63782e+22	6.31036e+22	6.8495e+22	7.25866e+22	7.54769e+22	7.72985e+22	7.81971e+22	
174.753	0	0	0	0	2.28721e+18	2.73e+19	1.3762e+20	4.41511e+20	1.07082e+21	2.14852e+21	3.76149e+21	5.94597e+21	8.6858e+21	1.19199e+22	1.55547e+22	1.94774e+22	
187.382	0	0	0	4.36676e+21	1.39976e+22	2.81797e+22	4.556e+22	6.46516e+22	8.40949e+22	1.02779e+23	1.19882e+23	1.34861e+23	1.47419e+23	1.57452e+23	1.65007e+23	1.70229e+23	
200.923	0	0	2.06224e+22	4.81199e+22	7.54716e+22	9.93785e+22	1.18594e+23	1.32961e+23	1.42864e+23	1.4891e+23	1.51766e+23	1.52068e+23	1.50383e+23	1.47195e+23	1.42905e+23	1.3784e+23	
215.443	0	9.67665e+22	1.62047e+23	2.04592e+23	2.30646e+23	2.44779e+23	2.5036e+23	2.49881e+23	2.45181e+23	2.37615e+23	2.2818e+23	2.17603e+23	2.06415e+23	1.94995e+23	1.83613e+23	1.72458e+23	
231.013	0	0	0	0	0	0	0	0	0	0	0	0	0	0	0	0	
247.708	0	0	0	0	0	0	0	0	0	0	0	0	0	0	0	0	
265.609	0	0	0	0	0	0	0	0	0	0	0	0	0	0	0	0	
284.804	9.67665e+23	8.70898e+23	7.83809e+23	7.05428e+23	6.34885e+23	5.71396e+23	5.14257e+23	4.62831e+23	4.16548e+23	3.74893e+23	3.37404e+23	3.03663e+23	2.73297e+23	2.45967e+23	2.21371e+23	1.99234e+23	
305.386	0	0	0	0	0	0	0	0	0	0	0	0	0	0	0	0	
327.455	0	0	0	0	0	0	0	0	0	0	0	0	0	0	0	0	
351.119	0	0	0	0	0	0	0	0	0	0	0	0	0	0	0	0	
376.494	0	0	0	0	0	0	0	0	0	0	0	0	0	0	0	0	
403.702	0	0	0	0	0	0	0	0	0	0	0	0	0	0	0	0	
432.876	0	0	0	0	0	0	0	0	0	0	0	0	0	0	0	0	
464.159	0	0	0	0	0	0	0	0	0	0	0	0	0	0	0	0	
497.702	0	0	0	0	0	0	0	0	0	0	0	0	0	0	0	0	
533.67	0	0	0	0	0	0	0	0	0	0	0	0	0	0	0	0	
572.237	0	0	0	0	0	0	0	0	0	0	0	0	0	0	0	0	
613.591	0	0	0	0	0	0	0	0	0	0	0	0	0	0	0	0	
657.933	0	0	0	0	0	0	0	0	0	0	0	0	0	0	0	0	
705.48	0	0	0	0	0	0	0	0	0	0	0	0	0	0	0	0	
756.463	0	0	0	0	0	0	0	0	0	0	0	0	0	0	0	0	
811.131	0	0	0	0	0	0	0	0	0	0	0	0	0	0	0	0	
869.749	0	0	0	0	0	0	0	0	0	0	0	0	0	0	0	0	
932.603	0	0	0	0	0	0	0	0	0	0	0	0	0	0	0	0	
1000	0	0	0	0	0	0	0	0	0	0	0	0	0	0	0	0	
